1	208	1.1568
1	339	1.20807
1	388	1.26066
1	417	1.77952
1	429	1.26471
1	433	1.27516
1	441	1.27261
1	449	1.26927
1	451	1.27416
1	455	1.27483
1	461	1.31241
1	464	1.27011
1	467	1.27172
1	471	1.27404
1	483	1.31423
2	210	1.22149
2	292	1.21465
2	308	1.21793
2	333	1.22543
2	348	1.24503
2	359	1.23093
2	409	1.24135
2	427	1.2932
2	453	1.97119
2	456	1.28805
2	459	1.28365
2	491	1.29056
2	495	1.29359
2	496	1.32645
2	500	1.32646
3	57	2.11121
3	384	1.21549
3	388	1.25508
3	414	1.21802
3	415	1.26172
3	416	1.26371
3	433	1.26958
3	446	1.25949
3	449	1.26368
3	451	1.26858
3	455	1.26925
3	461	1.30682
3	471	1.26845
3	472	1.27024
3	483	1.30864
4	57	1.1929
4	109	1.20169
4	229	1.33372
4	232	0.928206
4	254	1.34083
4	349	1.35551
4	377	1.40601
4	407	1.39656
4	412	1.35303
4	421	1.00848
4	431	1.39745
4	445	1.41166
4	453	1.4489
4	465	1.4104
4	466	1.45009
5	22	1.17791
5	123	1.26083
5	137	1.17913
5	156	1.26283
5	159	1.27378
5	174	1.18229
5	197	1.2708
5	224	1.26454
5	227	1.27441
5	232	1.26591
5	264	1.34193
5	280	1.33808
5	290	1.27571
5	294	1.33061
5	431	1.96266
6	9	1.28548
6	15	1.30195
6	26	1.2946
6	45	1.38505
6	46	1.40409
6	61	1.38629
6	66	1.29396
6	74	1.3949
6	78	1.30187
6	87	1.38766
6	89	1.49702
6	132	1.08381
6	136	1.38293
6	141	1.38293
6	285	0.859175
7	21	1.96653
7	360	0.0375727
7	404	1.2846
7	425	1.29231
7	444	1.34092
7	470	1.34642
7	476	1.35481
7	479	1.38881
7	481	1.38547
7	482	1.38741
7	488	1.35773
7	490	1.39199
7	492	1.39003
7	494	1.38726
7	499	1.39101
8	21	1.19982
8	28	1.30993
8	31	1.30147
8	35	1.29368
8	40	1.20014
8	92	1.20805
8	96	1.20755
8	99	1.30165
8	103	1.30099
8	112	1.2075
8	130	1.28916
8	134	1.29592
8	170	1.29144
8	175	1.29144
8	448	1.96745
9	6	1.28548
9	15	1.20101
9	26	1.19366
9	27	1.30236
9	46	1.30315
9	61	1.28535
9	66	1.19302
9	71	1.19303
9	74	1.29396
9	78	1.20093
9	87	1.28672
9	89	1.39608
9	123	1.97761
9	136	1.28199
9	141	1.28199
10	11	1.24837
10	65	1.24709
10	157	1.061
10	194	1.35175
10	215	1.36182
10	246	1.35494
10	255	1.34765
10	259	1.41298
10	271	1.35211
10	302	1.41988
10	310	1.35693
10	322	1.41496
10	325	1.41525
10	328	1.41503
10	349	0.928471
11	10	1.24837
11	148	1.22207
11	169	1.23416
11	194	1.23621
11	211	1.22363
11	246	1.23939
11	247	1.31303
11	255	1.23211
11	302	1.30433
11	304	1.30549
11	310	1.24138
11	322	1.29942
11	325	1.2997
11	328	1.29948
11	482	1.97104
12	36	0.943454
12	58	0.98462
12	204	1.24196
12	223	1.32509
12	226	1.2486
12	336	1.30505
12	430	1.37604
12	459	1.37237
12	468	1.41337
12	491	1.37929
12	495	1.38232
12	496	1.41518
12	497	1.41441
12	498	1.4099
12	500	1.41518
13	15	1.20111
13	26	1.19376
13	27	1.30246
13	45	1.28421
13	46	1.30325
13	61	1.28545
13	66	1.19312
13	71	1.19313
13	74	1.29406
13	78	1.20103
13	87	1.28682
13	89	1.39618
13	136	1.28209
13	141	1.28209
13	493	1.95763
14	77	1.28041
14	115	1.17028
14	140	1.25421
14	144	1.25592
14	146	1.2601
14	200	1.25338
14	202	1.25735
14	212	1.262
14	219	1.2643
14	235	1.262
14	242	1.25537
14	256	1.33269
14	287	1.32792
14	315	1.26282
14	446	1.96272
15	6	1.30195
15	9	1.20101
15	13	1.20111
15	26	1.21012
15	27	1.31883
15	45	1.30057
15	46	1.31962
15	61	1.30182
15	66	1.20949
15	71	1.2095
15	74	1.31043
15	78	1.2174
15	136	1.29846
15	141	1.29846
15	352	1.95372
16	47	1.08101
16	309	1.23755
16	313	1.17876
16	349	1.24601
16	363	1.24474
16	366	1.23523
16	377	1.2965
16	426	1.3033
16	434	1.29735
16	436	1.29529
16	445	1.30215
16	453	1.33939
16	465	1.30089
16	466	1.34058
16	473	2.00578
17	121	1.31681
17	153	0.898134
17	155	1.31346
17	173	1.30181
17	216	1.26086
17	263	1.39378
17	297	1.39248
17	303	1.38715
17	321	1.3886
17	342	1.382
17	343	1.07556
17	350	1.39045
17	362	1.39052
17	364	1.3925
17	375	1.38835
18	26	1.96653
18	114	1.27662
18	140	1.35547
18	154	1.35403
18	160	1.34691
18	200	1.35465
18	202	1.35861
18	219	1.36557
18	221	1.28614
18	242	1.35663
18	256	1.43396
18	287	1.42918
18	296	1.41693
18	315	1.36408
18	353	0.0238917
19	335	1.20384
19	358	1.19583
19	361	1.95949
19	385	1.21763
19	432	1.2677
19	438	1.26513
19	439	1.2699
19	447	1.26487
19	450	1.27077
19	454	1.26572
19	458	1.30818
19	469	1.2771
19	473	1.27113
19	484	1.31048
19	489	1.31048
20	236	0.436596
20	300	1.54247
20	339	1.31153
20	384	1.32453
20	414	1.32707
20	415	1.37076
20	422	1.32301
20	429	1.36817
20	452	1.37222
20	455	1.37829
20	464	1.37356
20	467	1.37517
20	471	1.37749
20	472	1.37929
20	483	1.41768
21	7	1.96653
21	8	1.19982
21	28	1.30966
21	35	1.29342
21	49	1.29269
21	76	1.30088
21	82	1.19989
21	92	1.20779
21	96	1.20728
21	99	1.30138
21	103	1.30072
21	112	1.20723
21	134	1.29565
21	170	1.29118
21	175	1.29118
22	5	1.17791
22	53	1.17366
22	60	1.28312
22	69	1.93242
22	85	1.28463
22	101	1.18768
22	137	1.18583
22	156	1.26953
22	224	1.27124
22	227	1.28111
22	257	1.27094
22	264	1.34863
22	280	1.34478
22	290	1.28241
22	294	1.3373
23	110	1.07469
23	285	1.23172
23	332	1.23669
23	347	1.95904
23	349	1.23859
23	363	1.23732
23	398	1.28605
23	407	1.27963
23	426	1.29588
23	431	1.28053
23	434	1.28993
23	436	1.28787
23	445	1.29473
23	453	1.33197
23	466	1.33317
24	202	1.58276
24	208	0.38411
24	367	1.30794
24	385	1.31895
24	413	1.30573
24	423	1.31096
24	435	1.36674
24	439	1.37122
24	447	1.3662
24	454	1.36704
24	458	1.4095
24	469	1.37843
24	473	1.37245
24	484	1.41181
24	489	1.41181
25	208	1.26177
25	272	1.71215
25	361	1.31008
25	415	1.37228
25	422	1.32453
25	429	1.36968
25	441	1.37758
25	449	1.37424
25	451	1.37914
25	452	1.37373
25	467	1.37669
25	471	1.37901
25	472	1.3808
25	483	1.4192
25	498	0.237712
26	6	1.2946
26	9	1.19366
26	13	1.19376
26	15	1.21012
26	18	1.96653
26	27	1.31148
26	61	1.29447
26	66	1.20214
26	71	1.20215
26	74	1.30308
26	78	1.21005
26	87	1.29584
26	89	1.4052
26	136	1.29111
26	141	1.29111
27	9	1.30236
27	13	1.30246
27	15	1.31883
27	26	1.31148
27	45	1.40193
27	61	1.40317
27	66	1.31084
27	71	1.31085
27	78	1.31875
27	87	1.40454
27	89	1.5139
27	136	1.39981
27	141	1.39981
27	288	1.91823
27	489	0.0777737
28	8	1.30993
28	21	1.30966
28	35	1.40352
28	40	1.30998
28	49	1.4028
28	82	1.30999
28	96	1.31739
28	103	1.41083
28	112	1.31734
28	124	0.532762
28	130	1.399
28	134	1.40576
28	148	1.43505
28	170	1.40128
28	175	1.40128
29	245	1.19105
29	283	1.19477
29	300	1.20792
29	301	1.20599
29	319	1.27244
29	374	1.2713
29	387	1.27244
29	389	1.27017
29	390	1.32011
29	391	1.31942
29	394	1.27079
29	397	1.31577
29	405	1.26909
29	418	1.31751
29	495	1.96935
30	33	1.20361
30	67	0.922186
30	100	1.20909
30	157	1.28939
30	163	1.06223
30	305	1.38209
30	374	1.38662
30	382	1.38482
30	387	1.38776
30	389	1.38549
30	390	1.43543
30	394	1.38611
30	397	1.43109
30	405	1.38441
30	418	1.43283
31	8	1.30147
31	35	1.39507
31	49	1.39435
31	76	1.40254
31	82	1.30154
31	92	1.30944
31	96	1.30893
31	99	1.40303
31	104	2.2568
31	112	1.30889
31	130	1.39055
31	134	1.3973
31	170	1.39283
31	175	1.39283
31	320	3.40682e-05
32	44	1.29556
32	94	1.29589
32	115	1.29688
32	140	1.38081
32	160	1.37224
32	200	1.37998
32	202	1.38395
32	205	0.667091
32	221	1.31148
32	235	1.3886
32	240	1.37972
32	242	1.38197
32	296	1.44226
32	315	1.38942
32	412	1.30427
33	30	1.20361
33	162	1.20103
33	268	1.19808
33	299	1.97148
33	301	1.21541
33	305	1.27619
33	323	1.22119
33	374	1.28072
33	382	1.27892
33	389	1.27959
33	390	1.32953
33	391	1.32885
33	394	1.28021
33	405	1.27851
33	418	1.32693
34	81	1.33401
34	120	1.33054
34	184	1.32499
34	203	1.3308
34	239	1.33611
34	250	1.40767
34	252	1.40776
34	260	1.33679
34	261	1.34048
34	265	1.40454
34	272	1.33754
34	273	1.40508
34	286	1.40245
34	327	1.74298
34	347	0.212193
35	8	1.29368
35	21	1.29342
35	28	1.40352
35	31	1.39507
35	49	1.38656
35	76	1.39475
35	82	1.29375
35	103	1.39459
35	112	1.30109
35	130	1.38276
35	134	1.38951
35	170	1.38504
35	175	1.38504
35	471	1.61182
35	480	0.370023
36	12	0.943454
36	88	1.04016
36	155	1.30808
36	189	1.30062
36	195	1.3117
36	217	1.3859
36	278	1.32479
36	297	1.3871
36	306	1.3787
36	326	1.38495
36	342	1.37663
36	350	1.38507
36	362	1.38515
36	364	1.38712
36	375	1.38297
37	119	1.22698
37	353	1.30185
37	377	1.18213
37	388	0.775436
37	404	1.3064
37	411	1.31801
37	457	1.32478
37	476	1.3766
37	479	1.4106
37	482	1.40921
37	488	1.37952
37	492	1.41183
37	493	1.41115
37	494	1.40905
37	499	1.41281
38	295	1.19506
38	312	1.96161
38	403	1.20115
38	419	1.24487
38	448	1.25779
38	457	1.21288
38	474	1.25863
38	476	1.2647
38	479	1.2987
38	481	1.29537
38	488	1.26762
38	490	1.30189
38	492	1.29993
38	493	1.29925
38	499	1.30091
39	180	1.14232
39	228	1.9208
39	354	1.21495
39	367	1.22559
39	371	1.22363
39	421	1.2777
39	423	1.22861
39	435	1.28439
39	438	1.2841
39	439	1.28887
39	447	1.28385
39	450	1.28975
39	469	1.29608
39	484	1.32946
39	489	1.32946
40	8	1.20014
40	28	1.30998
40	49	1.29302
40	76	1.30121
40	82	1.20021
40	92	1.20811
40	96	1.2076
40	99	1.3017
40	103	1.30105
40	112	1.20756
40	130	1.28922
40	134	1.29597
40	170	1.2915
40	175	1.2915
40	425	1.97275
41	119	0.660157
41	122	1.34343
41	126	1.28032
41	149	1.28312
41	228	1.28508
41	312	1.35541
41	330	1.36283
41	341	1.35297
41	347	1.41282
41	357	1.36541
41	381	1.35993
41	395	1.41034
41	399	1.41018
41	400	1.41018
41	408	1.41018
42	223	1.22068
42	236	1.19942
42	359	1.21525
42	376	1.21351
42	392	1.26416
42	406	1.26448
42	409	1.22567
42	417	1.77952
42	430	1.27163
42	468	1.30896
42	475	1.31083
42	495	1.27791
42	496	1.31077
42	497	1.31
42	498	1.30549
43	188	1.22362
43	195	1.21395
43	216	1.15773
43	238	1.29044
43	263	1.29065
43	278	1.22703
43	297	1.28935
43	303	1.28402
43	321	1.28547
43	326	1.2872
43	350	1.28732
43	362	1.28739
43	364	1.28937
43	375	1.28522
43	395	1.94982
44	32	1.29556
44	114	1.18621
44	115	1.18114
44	139	0.909631
44	144	1.26678
44	146	1.27096
44	202	1.2682
44	212	1.27285
44	219	1.27516
44	221	1.19573
44	240	1.26397
44	242	1.26622
44	256	1.34355
44	287	1.33877
44	315	1.27367
45	6	1.38505
45	13	1.28421
45	15	1.30057
45	27	1.40193
45	46	1.40272
45	66	1.29259
45	71	1.2926
45	74	1.39353
45	78	1.3005
45	87	1.38629
45	89	1.49565
45	136	1.38156
45	141	1.38156
45	181	0.983933
45	406	0.94988
46	6	1.40409
46	9	1.30315
46	13	1.30325
46	15	1.31962
46	45	1.40272
46	61	1.40396
46	66	1.31164
46	71	1.31165
46	74	1.41258
46	78	1.31955
46	87	1.40534
46	128	0.753327
46	136	1.40061
46	141	1.40061
46	286	1.21461
47	16	1.08101
47	109	1.10326
47	276	1.1967
47	281	1.246
47	349	1.25707
47	377	1.30757
47	398	1.30454
47	412	1.2546
47	426	1.31437
47	436	1.30636
47	445	1.31322
47	453	1.35046
47	465	1.31196
47	466	1.35165
47	496	1.96259
48	59	1.23314
48	113	1.23224
48	194	1.22838
48	215	1.23845
48	233	1.29822
48	246	1.23156
48	247	1.3052
48	271	1.22874
48	302	1.2965
48	304	1.29766
48	310	1.23355
48	322	1.29159
48	325	1.29187
48	328	1.29165
48	484	1.96262
49	21	1.29269
49	28	1.4028
49	31	1.39435
49	35	1.38656
49	40	1.29302
49	76	1.39403
49	91	1.25
49	92	1.30093
49	96	1.30042
49	99	1.39452
49	130	1.38203
49	134	1.38879
49	170	1.38432
49	175	1.38432
49	377	0.709612
50	79	1.19834
50	118	1.21796
50	207	1.29055
50	263	1.28137
50	278	1.21776
50	297	1.28007
50	303	1.27475
50	306	1.27167
50	321	1.2762
50	326	1.27792
50	350	1.27804
50	362	1.27812
50	364	1.28009
50	375	1.27594
50	480	1.9686
51	52	1.26182
51	53	1.26186
51	101	1.27588
51	123	1.35573
51	142	1.36593
51	159	1.36868
51	197	1.36569
51	224	1.35944
51	232	1.36081
51	257	1.35914
51	264	1.43683
51	280	1.43298
51	290	1.37061
51	294	1.4255
51	401	1.697
51	494	0.424081
52	51	1.26182
52	85	1.27364
52	123	1.25654
52	137	1.17484
52	142	1.26675
52	153	1.25896
52	159	1.26949
52	169	2.09283
52	174	1.178
52	227	1.27012
52	232	1.26162
52	257	1.25995
52	264	1.33764
52	280	1.33379
52	290	1.27142
52	294	1.32632
53	22	1.17366
53	51	1.26186
53	60	1.27216
53	101	1.17673
53	153	1.259
53	159	1.26953
53	197	1.26654
53	224	1.26029
53	227	1.27015
53	232	1.26166
53	238	2.07999
53	257	1.25999
53	264	1.33768
53	280	1.33383
53	290	1.27146
53	294	1.32635
54	245	1.28467
54	283	1.2884
54	293	1.28779
54	319	1.36607
54	323	1.30539
54	359	1.21402
54	374	1.36493
54	382	1.36313
54	387	1.36607
54	390	1.41374
54	391	1.41305
54	394	1.36442
54	397	1.4094
54	405	1.36272
54	418	1.41113
54	497	0.897802
55	114	1.28204
55	115	1.27697
55	144	1.36261
55	146	1.36679
55	200	1.36007
55	202	1.36403
55	212	1.36868
55	219	1.37099
55	221	1.29156
55	235	1.36869
55	242	1.36205
55	287	1.4346
55	296	1.42235
55	315	1.3695
55	419	1.1289
55	479	0.990404
56	334	1.305
56	361	1.29983
56	375	1.32101
56	384	1.3158
56	416	1.36402
56	433	1.36989
56	441	1.36733
56	449	1.364
56	451	1.36889
56	452	1.36349
56	455	1.36956
56	464	1.36483
56	470	0.789899
56	471	1.36876
56	472	1.37056
56	483	1.40895
57	3	2.11121
57	4	1.1929
57	109	1.10564
57	218	1.19403
57	285	1.25259
57	299	1.24521
57	313	1.19222
57	363	1.25819
57	379	1.30507
57	398	1.30692
57	426	1.31675
57	431	1.3014
57	436	1.30875
57	453	1.35284
57	465	1.31435
57	466	1.35404
58	12	0.98462
58	242	1.14159
58	262	1.30173
58	354	1.30123
58	356	1.30614
58	373	1.30299
58	413	1.30966
58	432	1.37296
58	438	1.37038
58	442	1.36201
58	447	1.37013
58	458	1.41344
58	469	1.38236
58	473	1.37639
58	484	1.41574
58	489	1.41574
59	48	1.23314
59	83	2.11121
59	131	1.3337
59	211	1.33179
59	214	1.33105
59	215	1.35443
59	243	1.32784
59	246	1.34754
59	259	1.40559
59	271	1.34472
59	302	1.41249
59	304	1.41365
59	310	1.34954
59	322	1.40757
59	325	1.40786
59	477	0.0243974
60	22	1.28312
60	53	1.27216
60	85	1.38313
60	123	1.36603
60	137	1.28433
60	142	1.37624
60	174	1.28749
60	197	1.376
60	199	1.35951
60	227	1.37961
60	257	1.36944
60	264	1.44713
60	290	1.38091
60	294	1.43581
60	453	1.07594
60	492	1.03533
61	6	1.38629
61	9	1.28535
61	13	1.28545
61	15	1.30182
61	26	1.29447
61	27	1.40317
61	46	1.40396
61	71	1.29384
61	74	1.39477
61	78	1.30174
61	87	1.38753
61	89	1.49689
61	136	1.3828
61	141	1.3828
61	172	1.25509
61	341	0.858035
62	220	2.09613
62	283	1.19557
62	300	1.20871
62	301	1.20678
62	319	1.27323
62	323	1.21256
62	374	1.2721
62	382	1.2703
62	387	1.27323
62	389	1.27097
62	390	1.32091
62	391	1.32022
62	394	1.27158
62	397	1.31657
62	405	1.26989
62	418	1.3183
63	82	2.11121
63	107	1.13045
63	378	1.29216
63	401	1.31247
63	417	1.36465
63	424	1.32561
63	428	1.33417
63	430	0.00487835
63	443	1.36394
63	462	1.37773
63	477	1.38103
63	478	1.41517
63	480	1.41517
63	485	1.41835
63	486	1.41835
63	487	1.45165
64	218	1.26519
64	276	1.27025
64	366	1.31985
64	379	1.37624
64	383	1.31363
64	407	1.37167
64	412	1.32815
64	431	1.37257
64	434	1.38197
64	436	1.37991
64	445	1.38677
64	453	1.42401
64	457	1.48227
64	465	1.38551
64	466	1.4252
64	497	0.624518
65	10	1.24709
65	169	1.23289
65	214	1.22162
65	215	1.245
65	246	1.23811
65	247	1.31176
65	255	1.23083
65	259	1.29616
65	271	1.23529
65	302	1.30306
65	304	1.30422
65	310	1.24011
65	322	1.29814
65	325	1.29843
65	328	1.29821
65	417	1.9242
66	6	1.29396
66	9	1.19302
66	13	1.19312
66	15	1.20949
66	26	1.20214
66	27	1.31084
66	45	1.29259
66	46	1.31164
66	71	1.20152
66	74	1.30245
66	78	1.20942
66	87	1.29521
66	89	1.40457
66	136	1.29048
66	141	1.29048
66	447	2.11689
67	30	0.922186
67	296	1.18226
67	410	1.32746
67	411	1.2964
67	420	1.29789
67	425	1.29249
67	470	1.3466
67	476	1.35499
67	479	1.38899
67	482	1.3876
67	488	1.35791
67	490	1.39217
67	492	1.39022
67	493	1.38954
67	494	1.38744
67	499	1.3912
68	88	1.07105
68	121	1.30953
68	164	1.3006
68	188	1.31948
68	216	1.25358
68	217	1.384
68	263	1.38651
68	303	1.37988
68	306	1.3768
68	326	1.38306
68	342	1.37473
68	350	1.38318
68	362	1.38325
68	364	1.38523
68	375	1.38108
68	490	1.06646
69	22	1.93242
69	139	1.27575
69	165	1.27887
69	234	1.28873
69	245	0.206847
69	329	1.30874
69	330	1.36786
69	331	1.36121
69	341	1.35799
69	347	1.41785
69	355	1.36291
69	357	1.37043
69	381	1.36496
69	399	1.41521
69	400	1.41521
69	408	1.41521
70	135	1.15577
70	201	1.23938
70	203	1.24
70	225	1.24521
70	239	1.24531
70	249	1.24574
70	250	1.31686
70	252	1.31695
70	260	1.24599
70	261	1.24968
70	265	1.31374
70	272	1.24674
70	273	1.31428
70	274	1.31362
70	286	1.31165
70	321	2.09982
71	9	1.19303
71	13	1.19313
71	15	1.2095
71	26	1.20215
71	27	1.31085
71	45	1.2926
71	46	1.31165
71	61	1.29384
71	66	1.20152
71	74	1.30246
71	78	1.20943
71	87	1.29522
71	89	1.40457
71	136	1.29049
71	141	1.29049
71	481	2.1055
72	102	1.26397
72	290	2.14022
72	313	1.26643
72	332	1.33178
72	363	1.33241
72	383	1.31669
72	386	0.0252822
72	398	1.38114
72	412	1.3312
72	431	1.37562
72	434	1.38502
72	436	1.38296
72	445	1.38982
72	453	1.42706
72	465	1.38856
72	466	1.42826
73	164	2.05862
73	237	1.1365
73	340	1.20915
73	351	1.22581
73	376	1.21537
73	427	1.27937
73	430	1.27349
73	456	1.27423
73	459	1.26983
73	468	1.31083
73	475	1.31269
73	491	1.27674
73	495	1.27977
73	496	1.31263
73	497	1.31186
73	500	1.31263
74	6	1.3949
74	9	1.29396
74	13	1.29406
74	15	1.31043
74	26	1.30308
74	45	1.39353
74	46	1.41258
74	61	1.39477
74	66	1.30245
74	71	1.30246
74	78	1.31036
74	89	1.50551
74	136	1.39142
74	141	1.39142
74	451	0.723428
74	490	1.39768
75	147	1.23255
75	292	0.413316
75	415	1.36123
75	416	1.36322
75	422	1.31348
75	429	1.35863
75	433	1.36909
75	446	1.359
75	449	1.36319
75	452	1.36268
75	461	1.40633
75	467	1.36564
75	471	1.36796
75	472	1.36975
75	479	1.68388
75	483	1.40815
76	21	1.30088
76	31	1.40254
76	35	1.39475
76	40	1.30121
76	49	1.39403
76	82	1.30122
76	92	1.30912
76	96	1.30861
76	99	1.40271
76	103	1.40206
76	112	1.30856
76	130	1.39022
76	170	1.39251
76	175	1.39251
76	469	1.2124
76	500	0.880943
77	14	1.28041
77	94	1.2916
77	114	1.29767
77	115	1.29259
77	154	1.37508
77	160	1.36795
77	187	1.50391
77	200	1.37569
77	202	1.37966
77	221	1.30719
77	223	0.58398
77	235	1.38431
77	240	1.37543
77	287	1.45022
77	296	1.43797
77	315	1.38513
78	6	1.30187
78	9	1.20093
78	13	1.20103
78	15	1.2174
78	26	1.21005
78	27	1.31875
78	45	1.3005
78	46	1.31955
78	61	1.30174
78	66	1.20942
78	71	1.20943
78	74	1.31036
78	87	1.30312
78	136	1.29839
78	141	1.29839
78	432	2.09794
79	50	1.19834
79	117	0.495288
79	173	1.29191
79	207	1.39306
79	238	1.38367
79	263	1.38388
79	278	1.32026
79	297	1.38258
79	306	1.37417
79	321	1.37871
79	342	1.37211
79	350	1.38055
79	362	1.38062
79	364	1.3826
79	375	1.37845
79	393	1.6484
80	156	2.10455
80	164	1.20693
80	188	1.22581
80	207	1.30201
80	216	1.15991
80	278	1.22922
80	297	1.29153
80	303	1.28621
80	306	1.28313
80	321	1.28766
80	326	1.28939
80	342	1.28106
80	350	1.2895
80	362	1.28958
80	364	1.29155
80	375	1.28741
81	34	1.33401
81	120	1.33555
81	135	1.25158
81	184	1.33
81	201	1.33519
81	203	1.33581
81	237	1.66117
81	249	1.34155
81	250	1.41268
81	261	1.34549
81	265	1.40955
81	272	1.34255
81	273	1.41009
81	274	1.40943
81	286	1.40746
81	388	0.44418
82	21	1.19989
82	28	1.30999
82	31	1.30154
82	35	1.29375
82	40	1.20021
82	63	2.11121
82	76	1.30122
82	92	1.20812
82	96	1.20762
82	99	1.30171
82	103	1.30106
82	112	1.20757
82	130	1.28923
82	134	1.29598
82	170	1.29151
82	175	1.29151
83	59	2.11121
83	178	1.14012
83	320	1.20621
83	365	1.21085
83	386	1.2645
83	424	1.23343
83	428	1.24199
83	437	1.27937
83	440	1.28067
83	443	1.27175
83	460	1.28584
83	462	1.28555
83	477	1.28885
83	485	1.32617
83	486	1.32617
83	487	1.35946
84	157	1.48952
84	215	1.32917
84	233	1.38895
84	243	1.30258
84	246	1.32229
84	247	1.39593
84	255	1.31501
84	259	1.38033
84	271	1.31946
84	302	1.38723
84	304	1.38839
84	310	1.32428
84	322	1.38231
84	325	1.3826
84	328	1.38238
84	486	0.644896
85	22	1.28463
85	52	1.27364
85	60	1.38313
85	101	1.2877
85	137	1.28585
85	159	1.3805
85	174	1.28901
85	199	1.36102
85	224	1.37126
85	257	1.37096
85	264	1.44865
85	280	1.4448
85	290	1.38243
85	294	1.43732
85	396	1.71801
85	459	0.382045
86	190	1.27951
86	201	1.66334
86	298	1.29386
86	329	1.29655
86	330	1.35567
86	337	1.34986
86	341	1.34581
86	347	1.40566
86	352	0.428623
86	355	1.35072
86	357	1.35825
86	381	1.35278
86	395	1.40318
86	399	1.40302
86	400	1.40302
86	408	1.40302
87	6	1.38766
87	9	1.28672
87	13	1.28682
87	26	1.29584
87	27	1.40454
87	45	1.38629
87	46	1.40534
87	61	1.38753
87	66	1.29521
87	71	1.29522
87	78	1.30312
87	89	1.49827
87	136	1.38418
87	141	1.38418
87	200	0.741418
87	327	1.36065
88	36	1.04016
88	68	1.07105
88	223	1.31839
88	226	1.2419
88	314	1.3145
88	351	1.32165
88	359	1.31295
88	427	1.37522
88	430	1.36934
88	456	1.37008
88	475	1.40853
88	491	1.37259
88	495	1.37561
88	496	1.40848
88	498	1.4032
88	500	1.40848
89	6	1.49702
89	9	1.39608
89	13	1.39618
89	26	1.4052
89	27	1.5139
89	45	1.49565
89	61	1.49689
89	66	1.40457
89	71	1.40457
89	74	1.50551
89	87	1.49827
89	136	1.49353
89	141	1.49353
89	146	0.402901
89	277	0.578183
89	473	1.21899
90	106	1.21688
90	179	1.20494
90	228	1.20513
90	279	1.21298
90	298	1.22107
90	312	1.27547
90	329	1.22376
90	331	1.27624
90	355	1.27793
90	357	1.28546
90	381	1.27998
90	394	2.10421
90	395	1.33039
90	399	1.33023
90	400	1.33023
90	408	1.33023
91	49	1.25
91	229	0.863556
91	245	1.28036
91	269	1.33951
91	301	1.2953
91	305	1.35608
91	323	1.30108
91	382	1.35881
91	387	1.36175
91	389	1.35948
91	390	1.40942
91	391	1.40873
91	394	1.3601
91	397	1.40508
91	405	1.3584
91	418	1.40682
92	8	1.20805
92	21	1.20779
92	31	1.30944
92	40	1.20811
92	49	1.30093
92	76	1.30912
92	82	1.20812
92	96	1.21551
92	99	1.30961
92	103	1.30896
92	112	1.21546
92	130	1.29713
92	134	1.30388
92	170	1.29941
92	175	1.29941
92	495	2.11403
93	200	2.10593
93	320	1.18976
93	401	1.20384
93	417	1.25602
93	424	1.21698
93	428	1.22554
93	437	1.26292
93	440	1.26423
93	460	1.2694
93	463	1.2643
93	477	1.2724
93	478	1.30654
93	480	1.30654
93	485	1.30972
93	486	1.30972
93	487	1.34302
94	32	1.29589
94	77	1.2916
94	106	2.2499
94	114	1.18655
94	115	1.18148
94	154	1.26396
94	160	1.25683
94	200	1.26457
94	202	1.26854
94	212	1.27319
94	219	1.27549
94	221	1.19607
94	235	1.2732
94	256	1.34389
94	287	1.33911
94	296	1.32685
94	315	1.27401
95	116	1.23939
95	184	1.32749
95	201	1.33268
95	203	1.3333
95	225	1.33851
95	239	1.33861
95	249	1.33904
95	250	1.41017
95	252	1.41026
95	260	1.33929
95	261	1.34298
95	272	1.34004
95	273	1.40758
95	274	1.40692
95	286	1.40495
95	466	0.85534
95	489	1.42036
96	8	1.20755
96	21	1.20728
96	28	1.31739
96	31	1.30893
96	40	1.2076
96	49	1.30042
96	76	1.30861
96	82	1.20762
96	92	1.21551
96	99	1.30911
96	103	1.30845
96	112	1.21496
96	130	1.29662
96	134	1.30338
96	170	1.2989
96	175	1.2989
96	331	2.24652
97	125	1.25126
97	145	0.992752
97	369	1.28133
97	411	1.30114
97	420	1.30264
97	425	1.29724
97	448	1.35282
97	457	1.30792
97	470	1.35135
97	476	1.35974
97	481	1.3904
97	482	1.39234
97	490	1.39692
97	492	1.39497
97	493	1.39428
97	494	1.39219
97	499	1.39595
98	158	2.25238
98	275	1.14266
98	324	1.21346
98	327	1.2097
98	345	1.21804
98	386	1.27024
98	424	1.23916
98	428	1.24772
98	437	1.2851
98	460	1.29158
98	462	1.29128
98	463	1.28648
98	477	1.29458
98	478	1.32872
98	480	1.32872
98	485	1.3319
98	486	1.3319
99	8	1.30165
99	21	1.30138
99	31	1.40303
99	40	1.3017
99	49	1.39452
99	76	1.40271
99	82	1.30171
99	92	1.30961
99	96	1.30911
99	103	1.40255
99	112	1.30906
99	130	1.39072
99	134	1.39748
99	170	1.393
99	175	1.393
99	227	1.04874
99	386	1.24124
100	30	1.20909
100	145	1.19218
100	198	1.21273
100	293	1.20907
100	300	1.22282
100	301	1.22089
100	305	1.28167
100	319	1.28734
100	374	1.2862
100	382	1.2844
100	387	1.28734
100	389	1.28507
100	390	1.33501
100	391	1.33433
100	397	1.33067
100	409	2.25743
100	418	1.33241
101	22	1.18768
101	51	1.27588
101	53	1.17673
101	85	1.2877
101	142	1.2808
101	156	1.27259
101	174	1.19206
101	197	1.28056
101	199	1.26407
101	224	1.2743
101	227	1.28417
101	232	1.27568
101	257	1.274
101	263	2.26315
101	264	1.3517
101	280	1.34785
101	290	1.28548
102	72	1.26397
102	103	1.07459
102	218	1.28693
102	253	1.27135
102	276	1.29199
102	281	1.34129
102	339	1.16507
102	363	1.3511
102	366	1.3416
102	383	1.33538
102	412	1.34989
102	426	1.40966
102	434	1.40371
102	436	1.40165
102	445	1.40851
102	465	1.40725
102	466	1.44695
103	8	1.30099
103	21	1.30072
103	28	1.41083
103	35	1.39459
103	40	1.30105
103	76	1.40206
103	82	1.30106
103	92	1.30896
103	96	1.30845
103	99	1.40255
103	102	1.07459
103	112	1.3084
103	130	1.39006
103	134	1.39682
103	170	1.39235
103	175	1.39235
103	385	1.19076
104	31	2.2568
104	248	1.12837
104	284	1.12939
104	386	1.26182
104	424	1.23074
104	428	1.2393
104	440	1.27798
104	443	1.26907
104	460	1.28316
104	462	1.28286
104	463	1.27806
104	477	1.28616
104	478	1.3203
104	480	1.3203
104	485	1.32348
104	486	1.32348
104	487	1.35678
105	209	1.11756
105	345	1.20993
105	365	1.20848
105	380	1.21191
105	428	1.23962
105	437	1.277
105	440	1.2783
105	443	1.26939
105	458	2.25905
105	460	1.28347
105	462	1.28318
105	477	1.28648
105	478	1.32062
105	480	1.32062
105	485	1.3238
105	486	1.3238
105	487	1.35709
106	90	1.21688
106	94	2.2499
106	126	1.29451
106	149	1.29732
106	234	1.29789
106	270	1.38029
106	298	1.31521
106	329	1.3179
106	330	1.37702
106	331	1.37038
106	355	1.37207
106	381	1.37412
106	395	1.42453
106	399	1.42437
106	400	1.42437
106	407	0.0122645
106	408	1.42437
107	63	1.13045
107	186	1.12295
107	275	1.14498
107	279	2.2555
107	380	1.22233
107	417	1.28052
107	428	1.25004
107	440	1.28873
107	460	1.2939
107	462	1.2936
107	463	1.2888
107	477	1.2969
107	478	1.33104
107	480	1.33104
107	485	1.33422
107	486	1.33422
107	487	1.36752
108	182	0.0335958
108	384	1.30519
108	388	1.34478
108	414	1.30772
108	416	1.35341
108	433	1.35928
108	441	1.35672
108	446	1.34919
108	451	1.35828
108	452	1.35287
108	455	1.35895
108	461	1.39652
108	464	1.35422
108	467	1.35583
108	469	2.20845
108	472	1.35994
108	483	1.39834
109	4	1.20169
109	47	1.10326
109	57	1.10564
109	218	1.20282
109	281	1.25718
109	310	2.26876
109	332	1.26635
109	349	1.26825
109	379	1.31386
109	407	1.30929
109	412	1.26577
109	426	1.32554
109	434	1.31959
109	445	1.32439
109	453	1.36163
109	465	1.32314
109	466	1.36283
110	23	1.07469
110	192	1.17086
110	276	1.1978
110	299	1.24393
110	309	1.24972
110	330	2.24469
110	366	1.2474
110	377	1.30867
110	398	1.30564
110	412	1.2557
110	426	1.31547
110	431	1.30012
110	434	1.30952
110	445	1.31432
110	453	1.35156
110	465	1.31306
110	466	1.35276
111	161	1.16095
111	204	1.15794
111	226	1.16457
111	314	1.23717
111	333	1.23013
111	348	1.24973
111	406	1.28486
111	426	2.26277
111	427	1.29789
111	430	1.29201
111	456	1.29275
111	468	1.32935
111	475	1.33121
111	491	1.29526
111	497	1.33038
111	498	1.32588
111	500	1.33115
112	8	1.2075
112	21	1.20723
112	28	1.31734
112	31	1.30889
112	35	1.30109
112	40	1.20756
112	76	1.30856
112	82	1.20757
112	92	1.21546
112	96	1.21496
112	99	1.30906
112	103	1.3084
112	130	1.29657
112	134	1.30333
112	170	1.29885
112	175	1.29885
112	423	2.27545
113	48	1.23224
113	131	1.33279
113	148	1.32932
113	194	1.34346
113	211	1.33089
113	214	1.33015
113	215	1.35353
113	243	1.32694
113	246	1.34664
113	259	1.40469
113	284	0.915395
113	302	1.41158
113	310	1.34863
113	322	1.40667
113	325	1.40696
113	328	1.40674
113	396	1.33341
114	18	1.27662
114	44	1.18621
114	55	1.28204
114	77	1.29767
114	94	1.18655
114	146	1.27736
114	154	1.27002
114	200	1.27064
114	210	2.24749
114	219	1.28156
114	221	1.20213
114	235	1.27926
114	240	1.27037
114	242	1.27262
114	287	1.34517
114	296	1.33292
114	315	1.28007
115	14	1.17028
115	32	1.29688
115	44	1.18114
115	55	1.27697
115	77	1.29259
115	94	1.18148
115	140	1.26639
115	212	1.27418
115	219	1.27648
115	235	1.27419
115	240	1.2653
115	242	1.26755
115	256	1.34487
115	287	1.3401
115	296	1.32784
115	315	1.275
115	492	2.2522
116	95	1.23939
116	117	1.25017
116	184	1.23288
116	203	1.23869
116	225	1.24391
116	239	1.244
116	249	1.24443
116	250	1.31556
116	252	1.31565
116	260	1.24469
116	261	1.24837
116	265	1.31243
116	272	1.24543
116	273	1.31297
116	274	1.31231
116	286	1.31035
116	317	2.26357
117	79	0.495288
117	116	1.25017
117	135	1.25985
117	184	1.33827
117	201	1.34346
117	203	1.34408
117	225	1.34929
117	239	1.34939
117	249	1.34982
117	252	1.42103
117	260	1.35007
117	261	1.35376
117	265	1.41782
117	272	1.35082
117	274	1.41769
117	286	1.41573
117	337	1.75726
118	50	1.21796
118	121	1.32653
118	162	1.07807
118	164	1.31759
118	173	1.31154
118	188	1.33647
118	189	1.31572
118	207	1.41268
118	216	1.27058
118	217	1.401
118	238	1.4033
118	303	1.39688
118	321	1.39833
118	350	1.40017
118	362	1.40025
118	364	1.40222
118	403	1.19924
119	37	1.22698
119	41	0.660157
119	295	1.29172
119	317	1.28108
119	363	1.58164
119	420	1.30427
119	448	1.35445
119	474	1.3553
119	476	1.36137
119	479	1.39537
119	482	1.39397
119	488	1.36428
119	490	1.39855
119	492	1.39659
119	493	1.39591
119	494	1.39382
119	499	1.39757
120	34	1.33054
120	81	1.33555
120	133	0.66214
120	135	1.24811
120	203	1.33234
120	225	1.33756
120	239	1.33765
120	249	1.33808
120	252	1.4093
120	260	1.33834
120	261	1.34202
120	265	1.40608
120	272	1.33908
120	273	1.40662
120	274	1.40596
120	286	1.404
120	491	1.6043
121	17	1.31681
121	68	1.30953
121	118	1.32653
121	126	1.37358
121	141	0.897382
121	189	1.30215
121	207	1.39912
121	216	1.25702
121	217	1.38743
121	278	1.32632
121	303	1.38331
121	306	1.38023
121	321	1.38476
121	342	1.37816
121	362	1.38668
121	364	1.38866
121	375	1.38451
122	41	1.34343
122	162	1.28289
122	268	1.27993
122	300	1.2992
122	301	1.29727
122	305	1.35805
122	323	1.30305
122	374	1.36258
122	382	1.36078
122	387	1.36372
122	389	1.36145
122	390	1.41139
122	391	1.4107
122	394	1.36207
122	395	1.04312
122	397	1.40705
122	405	1.36037
122	418	1.40879
123	5	1.26083
123	9	1.97761
123	51	1.35573
123	52	1.25654
123	60	1.36603
123	142	1.36065
123	153	1.35287
123	156	1.35244
123	174	1.27191
123	199	1.34392
123	224	1.35416
123	232	1.35553
123	257	1.35386
123	264	1.43155
123	280	1.4277
123	290	1.36533
123	294	1.42022
123	331	0.415351
124	28	0.532762
124	192	1.24633
124	229	1.31185
124	254	1.31895
124	285	1.32677
124	313	1.2664
124	332	1.33174
124	377	1.38414
124	379	1.37925
124	407	1.37468
124	412	1.33116
124	426	1.39093
124	431	1.37558
124	434	1.38498
124	445	1.38978
124	465	1.38853
124	466	1.42822
124	482	1.875
125	97	1.25126
125	246	1.16087
125	334	1.30657
125	368	1.29994
125	396	1.30537
125	402	1.3114
125	414	1.31991
125	416	1.3656
125	422	1.31585
125	433	1.37146
125	441	1.36891
125	452	1.36506
125	455	1.37113
125	461	1.40871
125	464	1.36641
125	471	1.37033
125	472	1.37213
125	483	1.41053
126	41	1.28032
126	106	1.29451
126	121	1.37358
126	172	1.2725
126	262	1.02726
126	270	1.36378
126	279	1.29061
126	330	1.36051
126	331	1.35387
126	337	1.3547
126	341	1.35065
126	355	1.35556
126	357	1.36309
126	381	1.35761
126	395	1.40802
126	399	1.40786
126	400	1.40786
126	408	1.40786
127	158	1.14457
127	367	1.22699
127	370	1.21366
127	371	1.22503
127	421	1.2791
127	432	1.28807
127	435	1.28579
127	438	1.2855
127	439	1.29027
127	442	1.27712
127	445	2.40908
127	447	1.28525
127	450	1.29115
127	454	1.2861
127	469	1.29748
127	473	1.29151
127	484	1.33086
127	489	1.33086
128	46	0.753327
128	153	1.65239
128	295	1.28374
128	353	1.27863
128	372	1.32509
128	393	1.28635
128	444	1.3395
128	470	1.34499
128	474	1.34732
128	476	1.35339
128	479	1.38739
128	481	1.38405
128	488	1.3563
128	490	1.39057
128	492	1.38861
128	493	1.38793
128	494	1.38584
128	499	1.38959
129	138	1.14812
129	318	1.41402
129	334	0.995855
129	335	1.30979
129	343	1.30958
129	371	1.31061
129	373	1.30368
129	432	1.37365
129	435	1.37137
129	438	1.37108
129	439	1.37585
129	450	1.37672
129	454	1.37168
129	458	1.41414
129	469	1.38306
129	473	1.37708
129	484	1.41644
129	489	1.41644
130	8	1.28916
130	28	1.399
130	31	1.39055
130	35	1.38276
130	40	1.28922
130	49	1.38203
130	76	1.39022
130	82	1.28923
130	92	1.29713
130	96	1.29662
130	99	1.39072
130	103	1.39006
130	112	1.29657
130	134	1.38499
130	170	1.38052
130	175	1.38052
130	380	0.914397
130	475	1.51236
131	59	1.3337
131	113	1.33279
131	148	1.31479
131	169	1.32688
131	211	1.31636
131	214	1.31562
131	215	1.339
131	233	1.39878
131	246	1.33211
131	255	1.32483
131	259	1.39016
131	271	1.32929
131	304	1.39821
131	322	1.39214
131	325	1.39243
131	328	1.3922
131	379	0.84639
131	407	1.57077
132	6	1.08381
132	147	1.33552
132	317	1.27034
132	393	1.28359
132	419	1.33079
132	425	1.28813
132	444	1.33674
132	448	1.34371
132	474	1.34456
132	479	1.38463
132	481	1.38129
132	482	1.38323
132	488	1.35354
132	490	1.38781
132	492	1.38585
132	493	1.38517
132	494	1.38308
132	499	1.38683
133	120	0.66214
133	161	1.23193
133	230	1.74011
133	291	1.22951
133	314	1.30815
133	348	1.32071
133	359	1.3066
133	427	1.36887
133	456	1.36373
133	459	1.35932
133	468	1.40032
133	475	1.40218
133	491	1.36624
133	495	1.36926
133	496	1.40213
133	497	1.40136
133	498	1.39685
133	500	1.40213
134	8	1.29592
134	21	1.29565
134	28	1.40576
134	31	1.3973
134	35	1.38951
134	40	1.29597
134	49	1.38879
134	82	1.29598
134	92	1.30388
134	96	1.30338
134	99	1.39748
134	103	1.39682
134	112	1.30333
134	130	1.38499
134	170	1.38727
134	175	1.38727
134	478	0.850127
134	489	1.56654
135	70	1.15577
135	81	1.25158
135	117	1.25985
135	120	1.24811
135	201	1.24775
135	225	1.25358
135	239	1.25368
135	249	1.25411
135	250	1.32524
135	252	1.32533
135	260	1.25436
135	261	1.25805
135	265	1.32211
135	272	1.25511
135	273	1.32265
135	274	1.32199
135	286	1.32002
135	498	2.39172
136	6	1.38293
136	9	1.28199
136	13	1.28209
136	15	1.29846
136	26	1.29111
136	27	1.39981
136	45	1.38156
136	46	1.40061
136	61	1.3828
136	66	1.29048
136	71	1.29049
136	74	1.39142
136	78	1.29839
136	87	1.38418
136	89	1.49353
136	141	1.37945
136	187	1.19465
136	362	1.17985
137	5	1.17913
137	22	1.18583
137	52	1.17484
137	60	1.28433
137	85	1.28585
137	142	1.27895
137	153	1.27117
137	159	1.2817
137	197	1.27871
137	199	1.26222
137	224	1.27245
137	227	1.28232
137	232	1.27383
137	264	1.34985
137	280	1.34599
137	290	1.28362
137	294	1.33852
137	397	2.38062
138	129	1.14812
138	176	1.07202
138	262	1.22664
138	335	1.234
138	385	1.24779
138	432	1.29786
138	435	1.29558
138	438	1.29529
138	439	1.30006
138	442	1.28691
138	450	1.30093
138	454	1.29589
138	458	1.33835
138	469	1.30727
138	473	1.30129
138	474	2.40498
138	484	1.34065
138	489	1.34065
139	44	0.909631
139	69	1.27575
139	152	2.55052
139	270	1.35418
139	298	1.28911
139	312	1.3435
139	329	1.2918
139	330	1.35092
139	331	1.34427
139	337	1.34511
139	341	1.34105
139	347	1.40091
139	355	1.34597
139	357	1.35349
139	395	1.39842
139	399	1.39827
139	400	1.39827
139	408	1.39827
140	14	1.25421
140	18	1.35547
140	32	1.38081
140	115	1.26639
140	154	1.34887
140	160	1.34175
140	212	1.3581
140	219	1.36041
140	221	1.28098
140	235	1.35811
140	240	1.34922
140	242	1.35147
140	256	1.4288
140	287	1.42402
140	296	1.41177
140	315	1.35892
140	320	1.26462
140	358	1.11555
141	6	1.38293
141	9	1.28199
141	13	1.28209
141	15	1.29846
141	26	1.29111
141	27	1.39981
141	45	1.38156
141	46	1.40061
141	61	1.3828
141	66	1.29048
141	71	1.29049
141	74	1.39142
141	78	1.29839
141	87	1.38418
141	89	1.49353
141	121	0.897382
141	136	1.37945
141	493	1.49697
142	51	1.36593
142	52	1.26675
142	60	1.37624
142	101	1.2808
142	123	1.36065
142	137	1.27895
142	153	1.36308
142	156	1.36265
142	174	1.28211
142	199	1.35413
142	224	1.36436
142	232	1.36573
142	257	1.36406
142	280	1.4379
142	290	1.37553
142	294	1.43043
142	323	1.73014
142	455	0.679775
143	252	2.38975
143	343	1.22758
143	344	1.21465
143	354	1.21993
143	356	1.22484
143	385	1.24158
143	413	1.22836
143	421	1.28267
143	423	1.23359
143	439	1.29385
143	442	1.2807
143	450	1.29472
143	454	1.28968
143	458	1.33213
143	469	1.30106
143	473	1.29508
143	484	1.33444
143	489	1.33444
144	14	1.25592
144	44	1.26678
144	55	1.36261
144	146	1.35792
144	154	1.35059
144	160	1.34346
144	202	1.35517
144	212	1.35982
144	221	1.2827
144	235	1.35983
144	240	1.35094
144	242	1.35319
144	256	1.43051
144	264	1.10526
144	287	1.42574
144	296	1.41348
144	315	1.36064
144	392	1.27436
145	97	0.992752
145	100	1.19218
145	198	1.29624
145	268	1.28706
145	293	1.29258
145	319	1.37085
145	323	1.31018
145	364	1.41375
145	374	1.36971
145	382	1.36791
145	387	1.37085
145	389	1.36858
145	390	1.41852
145	391	1.41783
145	394	1.3692
145	397	1.41418
145	405	1.3675
145	418	1.41592
146	14	1.2601
146	44	1.27096
146	55	1.36679
146	89	0.402901
146	114	1.27736
146	144	1.35792
146	200	1.35538
146	212	1.364
146	219	1.3663
146	221	1.28688
146	235	1.36401
146	240	1.35512
146	242	1.35737
146	256	1.43469
146	287	1.42992
146	292	1.98431
146	296	1.41766
146	315	1.36482
147	75	1.23255
147	132	1.33552
147	292	1.0517
147	316	1.25212
147	368	1.30659
147	402	1.31805
147	422	1.3225
147	429	1.36766
147	446	1.36802
147	449	1.37222
147	451	1.37711
147	452	1.37171
147	455	1.37778
147	461	1.41536
147	467	1.37467
147	471	1.37699
147	472	1.37878
147	483	1.41718
148	11	1.22207
148	28	1.43505
148	113	1.32932
148	131	1.31479
148	169	1.32341
148	211	1.31288
148	215	1.33552
148	217	1.11144
148	233	1.3953
148	247	1.40228
148	255	1.32135
148	259	1.38668
148	271	1.32581
148	302	1.39358
148	304	1.39474
148	310	1.33063
148	322	1.38866
148	325	1.38895
148	328	1.38873
149	41	1.28312
149	106	1.29732
149	190	1.28716
149	228	1.28557
149	234	1.28419
149	262	1.53074
149	263	1.02372
149	298	1.3015
149	312	1.3559
149	330	1.36332
149	331	1.35667
149	337	1.35751
149	347	1.4133
149	357	1.36589
149	381	1.36042
149	395	1.41082
149	399	1.41067
149	400	1.41067
149	408	1.41067
150	168	1.21309
150	333	1.29597
150	340	1.29352
150	348	1.31558
150	351	1.31017
150	356	1.57561
150	378	0.977656
150	392	1.35039
150	427	1.36374
150	456	1.3586
150	459	1.35419
150	468	1.39519
150	475	1.39705
150	491	1.36111
150	495	1.36413
150	496	1.397
150	497	1.39623
150	498	1.39172
150	500	1.397
151	244	2.49409
151	393	1.20854
151	403	1.21202
151	411	1.21699
151	420	1.21848
151	444	1.2617
151	448	1.26867
151	470	1.26719
151	474	1.26951
151	476	1.27558
151	479	1.30958
151	481	1.30624
151	482	1.30819
151	488	1.2785
151	490	1.31276
151	492	1.31081
151	493	1.31013
151	494	1.30803
151	499	1.31179
152	139	2.55052
152	208	1.17556
152	360	1.21985
152	396	1.22783
152	414	1.24237
152	415	1.28607
152	422	1.23831
152	429	1.28347
152	433	1.29392
152	441	1.29137
152	446	1.28383
152	451	1.29292
152	452	1.28752
152	455	1.29359
152	461	1.33117
152	464	1.28887
152	467	1.29048
152	472	1.29459
152	483	1.33299
153	17	0.898134
153	52	1.25896
153	53	1.259
153	123	1.35287
153	128	1.65239
153	137	1.27117
153	142	1.36308
153	156	1.35487
153	159	1.36582
153	174	1.27433
153	197	1.36284
153	224	1.35658
153	227	1.36645
153	232	1.35795
153	257	1.35628
153	264	1.43397
153	280	1.43012
153	290	1.36775
153	294	1.42265
154	18	1.35403
154	77	1.37508
154	94	1.26396
154	114	1.27002
154	140	1.34887
154	144	1.35059
154	160	1.34031
154	200	1.34805
154	202	1.35201
154	212	1.35666
154	221	1.27954
154	236	1.03152
154	240	1.34778
154	242	1.35003
154	256	1.42736
154	287	1.42258
154	289	1.53541
154	296	1.41033
154	315	1.35748
155	17	1.31346
155	36	1.30808
155	188	1.31956
155	189	1.29881
155	195	1.3099
155	216	1.25367
155	217	1.38409
155	238	1.38639
155	278	1.32298
155	297	1.38529
155	311	0.704088
155	321	1.38142
155	326	1.38315
155	342	1.37482
155	350	1.38326
155	362	1.38334
155	364	1.38531
155	375	1.38116
155	428	1.8452
156	5	1.26283
156	22	1.26953
156	80	2.10455
156	101	1.27259
156	123	1.35244
156	142	1.36265
156	153	1.35487
156	159	1.3654
156	174	1.2739
156	197	1.36241
156	199	1.34592
156	227	1.36602
156	232	1.35752
156	257	1.35585
156	264	1.43354
156	280	1.42969
156	290	1.36732
156	294	1.42222
156	387	0.451093
157	10	1.061
157	30	1.28939
157	84	1.48952
157	245	1.28624
157	268	1.28385
157	269	1.3454
157	293	1.28936
157	300	1.30312
157	319	1.36764
157	323	1.30696
157	374	1.3665
157	382	1.3647
157	387	1.36764
157	390	1.41531
157	391	1.41462
157	394	1.36599
157	397	1.41097
157	405	1.36429
157	418	1.41271
158	98	2.25238
158	127	1.14457
158	356	1.31308
158	357	0.302081
158	358	1.30803
158	367	1.31881
158	370	1.30548
158	385	1.32982
158	421	1.37091
158	423	1.32183
158	432	1.37989
158	442	1.36894
158	447	1.37707
158	454	1.37792
158	458	1.42038
158	469	1.3893
158	473	1.38332
158	484	1.42268
158	489	1.42268
159	5	1.27378
159	51	1.36868
159	52	1.26949
159	53	1.26953
159	85	1.3805
159	137	1.2817
159	153	1.36582
159	156	1.3654
159	174	1.28486
159	197	1.37337
159	199	1.35688
159	224	1.36711
159	227	1.37698
159	232	1.36848
159	280	1.44065
159	290	1.37828
159	294	1.43318
159	414	1.41108
159	488	1.12055
160	18	1.34691
160	32	1.37224
160	77	1.36795
160	94	1.25683
160	140	1.34175
160	144	1.34346
160	154	1.34031
160	200	1.34092
160	212	1.34954
160	221	1.27242
160	235	1.34954
160	240	1.34066
160	242	1.34291
160	256	1.42023
160	287	1.41546
160	296	1.4032
160	315	1.35036
160	349	1.41285
160	463	1.15445
161	111	1.16095
161	133	1.23193
161	236	1.3143
161	291	1.25304
161	340	1.32218
161	351	1.33883
161	356	1.59634
161	359	1.33013
161	376	1.3284
161	437	0.959509
161	456	1.38725
161	459	1.38285
161	475	1.42571
161	491	1.38977
161	495	1.39279
161	496	1.42565
161	497	1.42489
161	498	1.42038
161	500	1.42566
162	33	1.20103
162	118	1.07807
162	122	1.28289
162	191	1.29661
162	198	1.31056
